1 2 3 4 3 5 2 6 7 9 1 2 3 4 3 5 2 6 7 9 1 2 3 4 3 5 2 6 7 9 1 2 3 4 3 5 2 6 7 9
1 2 3 4 3 5 2 6 7 9 1 2 3 4 3 5 2 6 7 9 1 2 3 4 3 5 2 6 7 9 1 2 3 4 3 5 2 6 7 9
1 2 3 4 3 5 2 6 7 9 1 2 3 4 3 5 2 6 7 9 1 2 3 4 3 5 2 6 7 9 1 2 3 4 3 5 2 6 7 9
1 2 3 4 3 5 2 6 7 9 1 2 3 4 3 5 2 6 7 9 1 2 3 4 3 5 2 6 7 9 1 2 3 4 3 5 2 6 7 9
1 2 3 4 3 5 2 6 7 9 1 2 3 4 3 5 2 6 7 9 1 2 3 4 3 5 2 6 7 9 1 2 3 4 3 5 2 6 7 9
1 2 3 4 3 5 2 6 7 9 1 2 3 4 3 5 2 6 7 9 1 2 3 4 3 5 2 6 7 9 1 2 3 4 3 5 2 6 7 9
1 2 3 4 3 5 2 6 7 9 1 2 3 4 3 5 2 6 7 9 1 2 3 4 3 5 2 6 7 9 1 2 3 4 3 5 2 6 7 9
1 2 3 4 3 5 2 6 7 9 1 2 3 4 3 5 2 6 7 9 1 2 3 4 3 5 2 6 7 9 1 2 3 4 3 5 2 6 7 9
1 2 3 4 3 5 2 6 7 9 1 2 3 4 3 5 2 6 7 9 1 2 3 4 3 5 2 6 7 9 1 2 3 4 3 5 2 6 7 9
1 2 3 4 3 5 2 6 7 9 1 2 3 4 3 5 2 6 7 9 1 2 3 4 3 5 2 6 7 9 1 2 3 4 3 5 2 6 7 9
1 2 3 4 3 5 2 6 7 9 1 2 3 4 3 5 2 6 7 9 1 2 3 4 3 5 2 6 7 9 1 2 3 4 3 5 2 6 7 9
1 2 3 4 3 5 2 6 7 9 1 2 3 4 3 5 2 6 7 9 1 2 3 4 3 5 2 6 7 9 1 2 3 4 3 5 2 6 7 9
1 2 3 4 3 5 2 6 7 9 1 2 3 4 3 5 2 6 7 9 1 2 3 4 3 5 2 6 7 9 1 2 3 4 3 5 2 6 7 9
1 2 3 4 3 5 2 6 7 9 1 2 3 4 3 5 2 6 7 9 1 2 3 4 3 5 2 6 7 9 1 2 3 4 3 5 2 6 7 9
1 2 3 4 3 5 2 6 7 9 1 2 3 4 3 5 2 6 7 9 1 2 3 4 3 5 2 6 7 9 1 2 3 4 3 5 2 6 7 9
1 2 3 4 3 5 2 6 7 9 1 2 3 4 3 5 2 6 7 9 1 2 3 4 3 5 2 6 7 9 1 2 3 4 3 5 2 6 7 9
1 2 3 4 3 5 2 6 7 9 1 2 3 4 3 5 2 6 7 9 1 2 3 4 3 5 2 6 7 9 1 2 3 4 3 5 2 6 7 9
1 2 3 4 3 5 2 6 7 9 1 2 3 4 3 5 2 6 7 9 1 2 3 4 3 5 2 6 7 9 1 2 3 4 3 5 2 6 7 9
1 2 3 4 3 5 2 6 7 9 1 2 3 4 3 5 2 6 7 9 1 2 3 4 3 5 2 6 7 9 1 2 3 4 3 5 2 6 7 9
1 2 3 4 3 5 2 6 7 9 1 2 3 4 3 5 2 6 7 9 1 2 3 4 3 5 2 6 7 9 1 2 3 4 3 5 2 6 7 9
1 2 3 4 3 5 2 6 7 9 1 2 3 4 3 5 2 6 7 9 1 2 3 4 3 5 2 6 7 9 1 2 3 4 3 5 2 6 7 9
1 2 3 4 3 5 2 6 7 9 1 2 3 4 3 5 2 6 7 9 1 2 3 4 3 5 2 6 7 9 1 2 3 4 3 5 2 6 7 9
1 2 3 4 3 5 2 6 7 9 1 2 3 4 3 5 2 6 7 9 1 2 3 4 3 5 2 6 7 9 1 2 3 4 3 5 2 6 7 9
1 2 3 4 3 5 2 6 7 9 1 2 3 4 3 5 2 6 7 9 1 2 3 4 3 5 2 6 7 9 1 2 3 4 3 5 2 6 7 9
1 2 3 4 3 5 2 6 7 9 1 2 3 4 3 5 2 6 7 9 1 2 3 4 3 5 2 6 7 9 1 2 3 4 3 5 2 6 7 9
1 2 3 4 3 5 2 6 7 9 1 2 3 4 3 5 2 6 7 9 1 2 3 4 3 5 2 6 7 9 1 2 3 4 3 5 2 6 7 9
1 2 3 4 3 5 2 6 7 9 1 2 3 4 3 5 2 6 7 9 1 2 3 4 3 5 2 6 7 9 1 2 3 4 3 5 2 6 7 9
1 2 3 4 3 5 2 6 7 9 1 2 3 4 3 5 2 6 7 9 1 2 3 4 3 5 2 6 7 9 1 2 3 4 3 5 2 6 7 9
1 2 3 4 3 5 2 6 7 9 1 2 3 4 3 5 2 6 7 9 1 2 3 4 3 5 2 6 7 9 1 2 3 4 3 5 2 6 7 9
1 2 3 4 3 5 2 6 7 9 1 2 3 4 3 5 2 6 7 9 1 2 3 4 3 5 2 6 7 9 1 2 3 4 3 5 2 6 7 9
1 2 3 4 3 5 2 6 7 9 1 2 3 4 3 5 2 6 7 9 1 2 3 4 3 5 2 6 7 9 1 2 3 4 3 5 2 6 7 9
1 2 3 4 3 5 2 6 7 9 1 2 3 4 3 5 2 6 7 9 1 2 3 4 3 5 2 6 7 9 1 2 3 4 3 5 2 6 7 9
1 2 3 4 3 5 2 6 7 9 1 2 3 4 3 5 2 6 7 9 1 2 3 4 3 5 2 6 7 9 1 2 3 4 3 5 2 6 7 9
1 2 3 4 3 5 2 6 7 9 1 2 3 4 3 5 2 6 7 9 1 2 3 4 3 5 2 6 7 9 1 2 3 4 3 5 2 6 7 9
1 2 3 4 3 5 2 6 7 9 1 2 3 4 3 5 2 6 7 9 1 2 3 4 3 5 2 6 7 9 1 2 3 4 3 5 2 6 7 9
1 2 3 4 3 5 2 6 7 9 1 2 3 4 3 5 2 6 7 9 1 2 3 4 3 5 2 6 7 9 1 2 3 4 3 5 2 6 7 9
1 2 3 4 3 5 2 6 7 9 1 2 3 4 3 5 2 6 7 9 1 2 3 4 3 5 2 6 7 9 1 2 3 4 3 5 2 6 7 9
1 2 3 4 3 5 2 6 7 9 1 2 3 4 3 5 2 6 7 9 1 2 3 4 3 5 2 6 7 9 1 2 3 4 3 5 2 6 7 9
1 2 3 4 3 5 2 6 7 9 1 2 3 4 3 5 2 6 7 9 1 2 3 4 3 5 2 6 7 9 1 2 3 4 3 5 2 6 7 9
1 2 3 4 3 5 2 6 7 9 1 2 3 4 3 5 2 6 7 9 1 2 3 4 3 5 2 6 7 9 1 2 3 4 3 5 2 6 7 9